31	0.0019559860229492188
60	0.0039520263671875
116	0.0075931549072265625
253	0.014883995056152344
309	0.017631053924560547
319	0.018085956573486328
332	0.018668174743652344
347	0.01944112777709961
365	0.020292997360229492
479	0.02437591552734375
507	0.025209903717041016
582	0.02774786949157715
602	0.028247833251953125
631	0.02902698516845703
685	0.03060007095336914
722	0.03162884712219238
745	0.032293081283569336
752	0.0324702262878418
846	0.03505396842956543
865	0.035501956939697266
896	0.03631401062011719
933	0.037313222885131836
943	0.037564992904663086
952	0.037754058837890625
1042	0.04049205780029297
1045	0.040522098541259766
1143	0.043031930923461914
1329	0.047857046127319336
1369	0.0488588809967041
1372	0.04888606071472168
1431	0.05044102668762207
1489	0.05186009407043457
1491	0.051892995834350586
1547	0.053565025329589844
1577	0.054316043853759766
1756	0.05884909629821777
1786	0.05964303016662598
1789	0.05975508689880371
1977	0.0652461051940918
1985	0.06542491912841797
2029	0.06691408157348633
2097	0.06891822814941406
2229	0.07235503196716309
2280	0.07383608818054199
2377	0.07646012306213379
2395	0.0770101547241211
2477	0.07947087287902832
2555	0.08199906349182129
2610	0.08360505104064941
2616	0.08375716209411621
2670	0.0853269100189209
2695	0.0860590934753418
2699	0.08615803718566895
2732	0.08711004257202148
2759	0.08786606788635254
2761	0.08792519569396973
2788	0.08872008323669434
2887	0.0916292667388916
3015	0.09567117691040039
3035	0.09621691703796387
3044	0.09646010398864746
3127	0.09890103340148926
3155	0.0996999740600586
3182	0.10049700736999512
3204	0.1011350154876709
3212	0.101348876953125
3257	0.10267496109008789
3277	0.10320210456848145
3292	0.10361194610595703
3296	0.10370206832885742
3298	0.10376501083374023
3455	0.10785222053527832
3486	0.1089320182800293
3491	0.10906815528869629
3507	0.10948514938354492
3523	0.1099250316619873
3588	0.11182308197021484
3633	0.11313223838806152
3684	0.11462903022766113
3736	0.11613082885742188
3807	0.1182868480682373
3846	0.11940908432006836
3992	0.12403106689453125
3996	0.12414813041687012
4007	0.1244361400604248
4093	0.1269521713256836
4143	0.12838315963745117
4145	0.12843918800354004
4195	0.12991118431091309
4235	0.13109588623046875
4294	0.13275599479675293
4372	0.1349809169769287
4469	0.13783907890319824
4476	0.1383209228515625
4552	0.14056801795959473
4568	0.1410210132598877
4579	0.14133596420288086
4615	0.1421070098876953
4668	0.14348101615905762
4678	0.14373111724853516
4726	0.14515113830566406
4745	0.14571714401245117
4760	0.14611482620239258
4844	0.14861297607421875
4860	0.1490640640258789
4912	0.15062689781188965
4925	0.15095114707946777
4980	0.15297794342041016
5040	0.15470099449157715
5167	0.1581590175628662
5211	0.15936803817749023
5298	0.16184616088867188
5333	0.16287493705749512
5382	0.16431498527526855
5386	0.16437697410583496
5389	0.16444611549377441
5474	0.16720104217529297
5475	0.16723322868347168
5506	0.1681060791015625
5512	0.16829395294189453
5528	0.16868996620178223
5586	0.17041897773742676
5596	0.17069292068481445
5609	0.1710820198059082
5651	0.17227911949157715
5661	0.17255783081054688
5662	0.1725609302520752
5715	0.17427420616149902
5732	0.17475318908691406
5742	0.17500615119934082
5743	0.1750349998474121
5753	0.17530608177185059
5923	0.1799781322479248
6069	0.18478608131408691
6090	0.1853809356689453
6100	0.18564796447753906
6186	0.18806695938110352
6222	0.18919110298156738
6241	0.1897580623626709
6253	0.19007492065429688
6257	0.19016790390014648
6258	0.1901998519897461
6362	0.19289207458496094
6364	0.19289517402648926
6465	0.19629502296447754
6575	0.19960522651672363
6713	0.20372796058654785
6723	0.2039661407470703
6724	0.20399713516235352
6736	0.20430707931518555
6778	0.20553898811340332
6813	0.20661306381225586
6824	0.20690703392028809
6827	0.2070000171661377
6844	0.20747995376586914
6849	0.20760893821716309
6864	0.2080059051513672
6929	0.2098839282989502
6956	0.2110910415649414
7046	0.21353411674499512
7050	0.21359920501708984
7060	0.21378207206726074
7081	0.214400053024292
7168	0.21695899963378906
7241	0.21912717819213867
7247	0.21927094459533691
7267	0.2198469638824463
7330	0.22179484367370605
7332	0.22182893753051758
7338	0.22202301025390625
7341	0.22208404541015625
7393	0.22368502616882324
7437	0.22506093978881836
7457	0.22561287879943848
7475	0.22614407539367676
7496	0.22669196128845215
7599	0.22980403900146484
7627	0.23056697845458984
7629	0.23060107231140137
7775	0.2348618507385254
7784	0.2350931167602539
7794	0.2353801727294922
8027	0.2426130771636963
8040	0.24297714233398438
8205	0.24780702590942383
8233	0.24853301048278809
8266	0.24922394752502441
8331	0.2510349750518799
8398	0.2529129981994629
8455	0.2548329830169678
8463	0.2550179958343506
8503	0.25615596771240234
8510	0.25635504722595215
8716	0.2620730400085449
8807	0.26472902297973633
8812	0.26485419273376465
8878	0.2667820453643799
8887	0.2669992446899414
8933	0.26862287521362305
8938	0.2687098979949951
8975	0.2697610855102539
8984	0.26999902725219727
9005	0.27059102058410645
9008	0.2706480026245117
9022	0.27101707458496094
9148	0.27466917037963867
9183	0.2756812572479248
9187	0.27581286430358887
9224	0.27683305740356445
9266	0.27808403968811035
9288	0.27871203422546387
9316	0.27948617935180664
9327	0.27980709075927734
9365	0.28085803985595703
9441	0.28340697288513184
9530	0.285567045211792
9557	0.2862732410430908
9597	0.28739428520202637
9616	0.287930965423584
9709	0.2906529903411865
9754	0.291593074798584
9838	0.2940230369567871
9851	0.29433417320251465
9913	0.29644298553466797
9941	0.29721617698669434
10051	0.30037689208984375
10093	0.30153894424438477
10099	0.3016829490661621
10103	0.30181407928466797
10138	0.3027658462524414
10149	0.30309104919433594
10157	0.3032970428466797
10182	0.3039979934692383
10247	0.30580592155456543
10283	0.30696606636047363
10410	0.31091809272766113
10412	0.31092119216918945
10424	0.31126904487609863
10544	0.31469082832336426
10614	0.31673097610473633
10650	0.3177449703216553
10682	0.3186309337615967
10693	0.3189048767089844
10721	0.3196980953216553
10727	0.3198070526123047
10808	0.3218991756439209
10823	0.3223400115966797
10837	0.3226950168609619
10956	0.32628703117370605
10974	0.3267691135406494
10994	0.3273301124572754
11014	0.3278779983520508
11029	0.3282771110534668
11055	0.32903623580932617
11211	0.3336179256439209
11326	0.3369932174682617
11341	0.33743715286254883
11370	0.3382711410522461
11379	0.33879995346069336
11408	0.339691162109375
11414	0.33986592292785645
11436	0.34053587913513184
11455	0.34106993675231934
11481	0.3418121337890625
11551	0.3437972068786621
11607	0.34540390968322754
11641	0.3463749885559082
11659	0.3468790054321289
11710	0.34839606285095215
11723	0.34876084327697754
11733	0.34902000427246094
11740	0.34923505783081055
11797	0.3509089946746826
11802	0.3510410785675049
11847	0.3523290157318115
11855	0.3525111675262451
11958	0.35576415061950684
12155	0.3609921932220459
12199	0.3622560501098633
12252	0.36383605003356934
12314	0.3655891418457031
12371	0.36759519577026367
12402	0.36849117279052734
12553	0.37292909622192383
12567	0.373333215713501
12590	0.3740229606628418
12601	0.37429308891296387
12623	0.3749120235443115
12671	0.37636518478393555
12674	0.37641000747680664
12696	0.37705206871032715
12740	0.3783409595489502
12770	0.37923598289489746
12779	0.37949514389038086
12819	0.3806438446044922
12886	0.38297510147094727
12977	0.3856050968170166
12994	0.3860950469970703
13023	0.38693785667419434
13055	0.38781189918518066
13128	0.3899679183959961
13143	0.3903930187225342
13325	0.3954739570617676
13459	0.3996298313140869
13471	0.39998507499694824
13615	0.40425896644592285
13702	0.4068591594696045
13747	0.408005952835083
13810	0.4096348285675049
13814	0.40973615646362305
13835	0.41034412384033203
13969	0.4145941734313965
14003	0.41556215286254883
14102	0.4184131622314453
14109	0.4185960292816162
14130	0.41916918754577637
14141	0.41951918601989746
14221	0.42188405990600586
14243	0.4225280284881592
14288	0.4239671230316162
14330	0.4251580238342285
14432	0.4281339645385742
14474	0.4293529987335205
14496	0.4300088882446289
14556	0.4317631721496582
14744	0.43731117248535156
14745	0.43734216690063477
14765	0.4379541873931885
14883	0.44149303436279297
14907	0.4421100616455078
14914	0.4423079490661621
14973	0.4439990520477295
15062	0.44655609130859375
15082	0.4471290111541748
15110	0.44797205924987793
15218	0.4510951042175293
15301	0.45357513427734375
15318	0.4540519714355469
15323	0.4541468620300293
15382	0.4561779499053955
15440	0.45795702934265137
15473	0.45896005630493164
15489	0.459399938583374
15645	0.46362900733947754
15670	0.4643521308898926
15671	0.4643831253051758
15708	0.4654550552368164
15711	0.4654879570007324
15888	0.4709930419921875
15930	0.47225499153137207
15942	0.4725489616394043
16128	0.477567195892334
16146	0.4780740737915039
16209	0.4798591136932373
16236	0.48060083389282227
16240	0.4807300567626953
16251	0.4810361862182617
16269	0.4815099239349365
16271	0.48151421546936035
16310	0.48267602920532227
16313	0.482741117477417
16328	0.48351597785949707
16418	0.4862329959869385
16450	0.48709702491760254
16490	0.48828911781311035
16546	0.4899311065673828
16602	0.4915790557861328
16680	0.49391698837280273
16722	0.49509596824645996
16754	0.4960191249847412
16772	0.49657201766967773
16839	0.4984889030456543
16850	0.498737096786499
16869	0.49927401542663574
16890	0.4999260902404785
16910	0.5004959106445312
16959	0.5019149780273438
16985	0.502636194229126
17013	0.5034120082855225
17040	0.5042440891265869
17058	0.5047252178192139
17122	0.5066609382629395
17135	0.5070440769195557
17193	0.5085148811340332
17239	0.5098340511322021
17263	0.510530948638916
17418	0.5154142379760742
17481	0.517099142074585
17687	0.5219302177429199
17749	0.5234780311584473
17766	0.523996114730835
17906	0.528372049331665
17951	0.5296459197998047
17963	0.5300180912017822
18031	0.5320310592651367
18048	0.5324938297271729
18072	0.5330860614776611
18085	0.5333352088928223
18143	0.5348880290985107
18230	0.5374071598052979
18308	0.5400359630584717
18420	0.5429511070251465
18450	0.5438411235809326
18536	0.5464131832122803
18556	0.5469629764556885
18609	0.5484309196472168
18628	0.5489881038665771
18660	0.549889087677002
18662	0.5499200820922852
18673	0.5502569675445557
18710	0.5513019561767578
18737	0.5521030426025391
18755	0.5526330471038818
18800	0.5542800426483154
18804	0.5543701648712158
18865	0.5561292171478271
18896	0.557075023651123
19077	0.5623960494995117
19080	0.5624730587005615
19119	0.563601016998291
19170	0.5651381015777588
19177	0.565284013748169
19240	0.5671062469482422
19255	0.567554235458374
19310	0.5691840648651123
19359	0.5705869197845459
19390	0.5714530944824219
19485	0.5742290019989014
19520	0.5749690532684326
19539	0.5755040645599365
19634	0.5783190727233887
19712	0.5805678367614746
19840	0.5845699310302734
19868	0.5854039192199707
19878	0.5857031345367432
19884	0.5858681201934814
19899	0.5862550735473633
19920	0.586899995803833
20010	0.5895709991455078
20025	0.5899670124053955
20138	0.5932340621948242
20188	0.5946991443634033
20192	0.5948200225830078
20263	0.5968971252441406
20276	0.5972540378570557
20287	0.5979030132293701
20293	0.5980229377746582
20303	0.5983152389526367
20364	0.6001250743865967
20372	0.6003222465515137
20393	0.6009161472320557
20408	0.6013541221618652
20417	0.6016170978546143
20442	0.6023540496826172
20500	0.6037249565124512
20651	0.6079959869384766
20748	0.6107521057128906
20821	0.6131951808929443
20830	0.6133980751037598
20836	0.6135709285736084
20889	0.6150951385498047
21119	0.6218690872192383
21157	0.6229710578918457
21231	0.6252539157867432
21242	0.6255278587341309
21307	0.627709150314331
21338	0.6285891532897949
21397	0.6303420066833496
21509	0.6335740089416504
21568	0.6353240013122559
21757	0.6406211853027344
21786	0.6414730548858643
21858	0.6434891223907471
21904	0.6447770595550537
21940	0.6458251476287842
21977	0.6468551158905029
21978	0.6468570232391357
21990	0.6471951007843018
22065	0.6493861675262451
22217	0.6539039611816406
22261	0.6554670333862305
22307	0.6568191051483154
22349	0.658027172088623
22405	0.6596651077270508
22418	0.6600210666656494
22486	0.6619300842285156
22532	0.663301944732666
22540	0.6635322570800781
22595	0.665053129196167
22623	0.6659111976623535
22670	0.6673200130462646
22705	0.6683249473571777
22749	0.6696348190307617
22755	0.6697590351104736
22779	0.6708009243011475
22848	0.6727890968322754
22962	0.6757829189300537
22967	0.6758742332458496
22973	0.6760270595550537
23032	0.6777622699737549
23108	0.6799030303955078
23118	0.6801848411560059
23200	0.6826400756835938
23224	0.6833090782165527
23323	0.6865570545196533
23414	0.6891500949859619
23493	0.6912789344787598
23540	0.6924781799316406
23650	0.6956791877746582
23694	0.6969170570373535
23721	0.6976451873779297
23749	0.6987249851226807
23809	0.700491189956665
23901	0.703171968460083
24120	0.7096011638641357
24271	0.7137539386749268
24275	0.7138159275054932
24290	0.7142741680145264
24358	0.7161760330200195
24406	0.7175250053405762
24412	0.7176821231842041
24456	0.7189619541168213
24497	0.7201781272888184
24582	0.7227180004119873
24584	0.722722053527832
24650	0.7245039939880371
24858	0.7307090759277344
24890	0.7316460609436035
24919	0.7325031757354736
24980	0.7342610359191895
25002	0.7348711490631104
25083	0.7372441291809082
25133	0.7387359142303467
25169	0.7398180961608887
25186	0.7402739524841309
25187	0.7402770519256592
25242	0.7421579360961914
25269	0.7429640293121338
25353	0.7453939914703369
25387	0.746182918548584
25451	0.7480762004852295
25466	0.7484729290008545
25476	0.7487709522247314
25604	0.7524769306182861
25623	0.7530069351196289
25639	0.753472089767456
25644	0.7535960674285889
25658	0.7539758682250977
25800	0.7583088874816895
25821	0.7588520050048828
25886	0.7608551979064941
25889	0.7609190940856934
25902	0.7612712383270264
25959	0.7628960609436035
26016	0.7645530700683594
26091	0.7668371200561523
26113	0.7674529552459717
26246	0.7717831134796143
26272	0.7725210189819336
26278	0.7726650238037109
26312	0.7737281322479248
26371	0.7754409313201904
26388	0.7759370803833008
26438	0.7773411273956299
26445	0.7775180339813232
26468	0.7782070636749268
26553	0.7804610729217529
26584	0.78118896484375
26589	0.7813141345977783
26616	0.782128095626831
26636	0.7826709747314453
26643	0.7828869819641113
26708	0.7848629951477051
26720	0.7851579189300537
26762	0.7868239879608154
26821	0.7885708808898926
26868	0.7900540828704834
26897	0.7908439636230469
26946	0.7919771671295166
27040	0.7948391437530518
27100	0.7965941429138184
27107	0.7967801094055176
27161	0.7983360290527344
27191	0.7991681098937988
27257	0.801429033279419
27444	0.8071110248565674
27461	0.8075971603393555
27526	0.8095240592956543
27689	0.8143131732940674
27795	0.8173189163208008
28010	0.8235752582550049
28013	0.8236360549926758
28157	0.8275501728057861
28188	0.8284380435943604
28199	0.8287179470062256
28213	0.8293020725250244
28217	0.8294212818145752
28319	0.8324151039123535
28334	0.8328220844268799
28358	0.8334832191467285
28469	0.8367419242858887
28592	0.8404560089111328
28667	0.8426809310913086
28740	0.8450851440429688
28796	0.8466849327087402
28861	0.8486249446868896
28952	0.8510749340057373
28995	0.8521950244903564
29118	0.8559691905975342
29174	0.8575708866119385
29206	0.8585062026977539
29253	0.8598549365997314
29382	0.8636171817779541
29405	0.8642539978027344
29431	0.8650021553039551
29466	0.8660340309143066
29469	0.8661179542541504
29531	0.8679299354553223
29603	0.8700981140136719
29623	0.8706362247467041
29646	0.8713302612304688
29698	0.8731100559234619
29784	0.8757011890411377
29890	0.878777027130127
29897	0.8789501190185547
29921	0.8796019554138184
30029	0.8827369213104248
30035	0.8828549385070801
30089	0.8844099044799805
30100	0.8847441673278809
30165	0.8865659236907959
30197	0.8874828815460205
30210	0.8878381252288818
30293	0.8903682231903076
30365	0.8921711444854736
30375	0.8924481868743896
30472	0.8952620029449463
30496	0.8959639072418213
30550	0.8975110054016113
30554	0.897615909576416
30624	0.8997058868408203
30638	0.9001219272613525
30657	0.9006538391113281
30673	0.9010992050170898
30712	0.9025921821594238
30831	0.9060189723968506
30912	0.9084370136260986
30917	0.9085321426391602
30921	0.908627986907959
31073	0.9130980968475342
31084	0.9134471416473389
31140	0.9150748252868652
31183	0.9165530204772949
31194	0.9168760776519775
31208	0.9173099994659424
31355	0.9216489791870117
31459	0.9242489337921143
31562	0.9270660877227783
31582	0.9276392459869385
31586	0.9277679920196533
31828	0.9351871013641357
31849	0.9357521533966064
31866	0.9362471103668213
31907	0.9374020099639893
31930	0.9381330013275146
32011	0.9406149387359619
32044	0.9415600299835205
32070	0.9423019886016846
32139	0.9443061351776123
32257	0.9479730129241943
32269	0.9483091831207275
32320	0.949782133102417
32381	0.9515621662139893
32396	0.9519660472869873
32545	0.9564039707183838
32546	0.956434965133667
32551	0.9565451145172119
32654	0.9593088626861572
32681	0.9603011608123779
32703	0.9609451293945312
32723	0.9614911079406738
32764	0.9626710414886475
32856	0.9652471542358398
33010	0.9697320461273193
33057	0.9710581302642822
33065	0.9712841510772705
33076	0.971560001373291
33186	0.9748210906982422
33218	0.9756591320037842
33226	0.9758670330047607
33244	0.9764041900634766
33313	0.978430986404419
33445	0.98225998878479
33498	0.9838371276855469
33560	0.9855849742889404
33593	0.986572265625
33624	0.9875011444091797
33649	0.9882268905639648
33763	0.9919750690460205
33887	0.9951860904693604
33926	0.9963221549987793
34053	1.0001590251922607
34079	1.0008790493011475
34092	1.0012519359588623
34158	1.003490924835205
34181	1.00412917137146
34184	1.0041649341583252
34189	1.0043179988861084
34223	1.0052671432495117
34254	1.0061490535736084
34264	1.0064458847045898
34342	1.0084140300750732
34519	1.0135490894317627
34577	1.0152111053466797
34656	1.017855167388916
34689	1.0188219547271729
34708	1.0193428993225098
34818	1.0226058959960938
34881	1.0245110988616943
34910	1.0253729820251465
34929	1.0258851051330566
34992	1.0277259349822998
35040	1.028954029083252
35060	1.0293970108032227
35087	1.0301451683044434
35129	1.0314042568206787
35157	1.0325860977172852
35197	1.0337319374084473
35212	1.0341598987579346
35249	1.0352420806884766
35269	1.0358171463012695
35284	1.0361979007720947
35421	1.040355920791626
35456	1.0411720275878906
35521	1.0428729057312012
35523	1.0429060459136963
35538	1.043330192565918
35639	1.0462532043457031
35704	1.0484318733215332
35716	1.048764944076538
35779	1.0505571365356445
35780	1.0505590438842773
35853	1.052685022354126
35876	1.0533671379089355
35926	1.0548861026763916
35935	1.0551109313964844
36137	1.0614690780639648
36203	1.0634090900421143
36225	1.0639069080352783
36249	1.0644292831420898
36260	1.064655065536499
36416	1.0692508220672607
36443	1.0699889659881592
36475	1.07094407081604
36535	1.0727150440216064
36540	1.0728020668029785
36671	1.0767078399658203
36677	1.076874017715454
36720	1.0781519412994385
36721	1.0781550407409668
36818	1.0809879302978516
36842	1.0816230773925781
36877	1.0825779438018799
36890	1.0829579830169678
36914	1.083629846572876
36957	1.084825038909912
36965	1.085042953491211
37095	1.0888631343841553
37097	1.0889229774475098
37107	1.0891869068145752
37225	1.0929181575775146
37280	1.0944509506225586
37463	1.0995500087738037
37481	1.0999360084533691
37554	1.1019432544708252
37577	1.102626085281372
37595	1.1031420230865479
37671	1.1057071685791016
37689	1.1062090396881104
37725	1.107300043106079
37758	1.1080470085144043
37849	1.1106650829315186
37877	1.111480951309204
37880	1.1115460395812988
37886	1.111699104309082
37922	1.1127362251281738
38065	1.116847038269043
38127	1.1189231872558594
38147	1.1194970607757568
38157	1.119765043258667
38166	1.1199891567230225
38272	1.1230840682983398
38358	1.1256139278411865
38403	1.1269149780273438
38491	1.1294951438903809
38506	1.129878044128418
38596	1.1325039863586426
38606	1.132796049118042
38697	1.1355180740356445
38709	1.1357600688934326
38875	1.1406569480895996
38907	1.1413450241088867
38965	1.1429579257965088
39036	1.1449759006500244
39044	1.145169973373413
39072	1.1459460258483887
39137	1.1481540203094482
39207	1.1501688957214355
39213	1.1503231525421143
39232	1.1508879661560059
39244	1.1512200832366943
39317	1.153337001800537
39348	1.1542041301727295
39383	1.1552150249481201
39393	1.1555359363555908
39408	1.155972957611084
39650	1.1633870601654053
39651	1.1633901596069336
39729	1.1656501293182373
39787	1.1673500537872314
39914	1.1709342002868652
39915	1.170935869216919
39956	1.1718559265136719
40004	1.1732540130615234
40008	1.173346996307373
40066	1.1747610569000244
40078	1.1749751567840576
40219	1.1793959140777588
40224	1.1794860363006592
40238	1.179894208908081
40315	1.182131052017212
40332	1.1826419830322266
40345	1.1830329895019531
40347	1.1830658912658691
40351	1.1831178665161133
40393	1.1843810081481934
40398	1.1844971179962158
40402	1.1845829486846924
40422	1.185110092163086
40473	1.186601161956787
40559	1.1891119480133057
40621	1.1913070678710938
40637	1.1917479038238525
40701	1.1934549808502197
40826	1.196960210800171
40845	1.1976079940795898
40903	1.1991610527038574
40910	1.1992878913879395
40958	1.200247049331665
41010	1.2012779712677002
41038	1.2018609046936035
41073	1.2025980949401855
41119	1.2037880420684814
41180	1.2050371170043945
41200	1.2054128646850586
41259	1.2066631317138672
41373	1.2090251445770264
41597	1.2143490314483643
41615	1.2148840427398682
41623	1.2151031494140625
41715	1.2177770137786865
41750	1.2188100814819336
41875	1.222480058670044
41896	1.2230570316314697
41903	1.2232341766357422
42112	1.2296380996704102
42236	1.2331149578094482
42260	1.2338290214538574
42328	1.2357499599456787
42362	1.2367730140686035
42383	1.2373509407043457
42543	1.241927146911621
42852	1.2507450580596924
42872	1.2512900829315186
42874	1.2513220310211182
42894	1.251906156539917
42931	1.2529911994934082
42959	1.2537870407104492
42984	1.2544910907745361
43085	1.2576930522918701
43090	1.257789134979248
43212	1.2610530853271484
43291	1.2633628845214844
43319	1.2641420364379883
43346	1.2649309635162354
43385	1.2660651206970215
43456	1.2681491374969482
43461	1.2682719230651855
43471	1.2685651779174805
43475	1.268660068511963
43483	1.2688829898834229
43544	1.2706010341644287
43587	1.2721731662750244
43605	1.2726569175720215
43624	1.273193120956421
43695	1.2752690315246582
43696	1.2752721309661865
43826	1.278710126876831
43862	1.2797892093658447
43914	1.2813048362731934
43945	1.282181978225708
44085	1.2865681648254395
44136	1.288041114807129
44199	1.2897629737854004
44215	1.2902700901031494
44272	1.291595220565796
44286	1.291923999786377
44309	1.29258394241333
44383	1.294687032699585
44543	1.2994389533996582
44596	1.3012261390686035
44631	1.3022310733795166
44649	1.3027560710906982
44730	1.3050510883331299
44772	1.3062422275543213
44774	1.3062999248504639
44869	1.3091061115264893
44894	1.3098268508911133
44908	1.3101861476898193
44951	1.3114581108093262
44962	1.3117320537567139
44971	1.31197190284729
45050	1.3140110969543457
45124	1.3165011405944824
45150	1.3172690868377686
45236	1.3197898864746094
45251	1.320235013961792
45287	1.3212380409240723
45344	1.3229479789733887
45463	1.3261289596557617
45559	1.3292298316955566
45581	1.3298001289367676
45650	1.3318290710449219
45652	1.3318631649017334
45681	1.3327040672302246
45714	1.3335981369018555
45830	1.336920976638794
45847	1.3373870849609375
45938	1.3400590419769287
46057	1.3438208103179932
46180	1.3474140167236328
46193	1.3477540016174316
46396	1.3533551692962646
46490	1.3561110496520996
46528	1.357194185256958
46549	1.3578121662139893
46643	1.3603291511535645
46647	1.3604419231414795
46680	1.3613479137420654
46703	1.3619821071624756
46754	1.3634629249572754
46867	1.3666949272155762
46902	1.3676791191101074
46944	1.3688678741455078
46964	1.3694701194763184
47074	1.3729581832885742
47121	1.3743040561676025
47220	1.3772120475769043
47335	1.3805301189422607
47465	1.3843410015106201
47562	1.3869099617004395
47660	1.389678955078125
47669	1.3899180889129639
47790	1.3931150436401367
47792	1.3931810855865479
47830	1.3942461013793945
47978	1.3986310958862305
47979	1.3986639976501465
48035	1.4005389213562012
48090	1.402043104171753
48126	1.4031009674072266
48143	1.403588056564331
48214	1.4056551456451416
48253	1.4068398475646973
48342	1.409438133239746
48367	1.4101390838623047
48369	1.410142183303833
48413	1.4114151000976562
48489	1.4136080741882324
48552	1.4157390594482422
48576	1.4164719581604004
48601	1.4171910285949707
48677	1.4194090366363525
48831	1.4236969947814941
48879	1.4247949123382568
48884	1.42490816116333
48889	1.424997091293335
48932	1.4261572360992432
49014	1.4285919666290283
49129	1.4322049617767334
49131	1.4322710037231445
49148	1.4327261447906494
49222	1.434906005859375
49238	1.4353461265563965
49345	1.438486099243164
49358	1.4388339519500732
49380	1.4394361972808838
49480	1.4423491954803467
49503	1.443044900894165
49542	1.4444901943206787
49656	1.4477479457855225
49721	1.4496300220489502
49830	1.452883005142212
49926	1.4555280208587646
49929	1.4555721282958984
49934	1.455683946609497
49935	1.4556870460510254
49943	1.4558370113372803
49978	1.4567861557006836
49988	1.4570379257202148
50012	1.4576358795166016
50042	1.4585621356964111
50050	1.4587910175323486
50097	1.4601659774780273
50114	1.4606380462646484
50141	1.4613981246948242
50175	1.4623498916625977
50207	1.463287115097046
50301	1.4660890102386475
50360	1.467824935913086
50404	1.4690639972686768
50407	1.4691269397735596
50518	1.4727160930633545
50523	1.4728729724884033
50586	1.4747710227966309
50605	1.4753210544586182
50641	1.4763438701629639
50660	1.476905107498169
50741	1.4793062210083008
50811	1.4813761711120605
50818	1.4816160202026367
50829	1.4818780422210693
51057	1.4888951778411865
51064	1.4890661239624023
51080	1.4895429611206055
51087	1.4896931648254395
51184	1.492156982421875
51229	1.4935061931610107
51347	1.496845006942749
51355	1.4970691204071045
51366	1.4973461627960205
51370	1.4974591732025146
51385	1.4978399276733398
51401	1.498297929763794
51403	1.4983010292053223
51418	1.4987149238586426
51561	1.503213882446289
51572	1.5034770965576172
51608	1.504472017288208
51623	1.5048878192901611
51691	1.5069000720977783
51716	1.5074920654296875
51906	1.51283597946167
51928	1.5134329795837402
51973	1.514739990234375
52014	1.5162420272827148
52028	1.5165860652923584
52058	1.5174229145050049
52168	1.5206139087677002
52194	1.5213160514831543
52276	1.5237541198730469
52340	1.5255990028381348
52362	1.526181936264038
52363	1.5262041091918945
52397	1.5268728733062744
52438	1.5279099941253662
52520	1.5306100845336914
52554	1.531548023223877
52573	1.532055139541626
52575	1.5320839881896973
52696	1.5355620384216309
52761	1.5374350547790527
52799	1.5385351181030273
52805	1.538679838180542
52834	1.5394940376281738
52846	1.539896011352539
52921	1.5417039394378662
53033	1.5453112125396729
53069	1.5463261604309082
53137	1.5483229160308838
53239	1.5512878894805908
53327	1.5538880825042725
53355	1.5546588897705078
53410	1.5563101768493652
53480	1.558685064315796
53558	1.5609371662139893
53594	1.56172513961792
53677	1.5640201568603516
53717	1.5651438236236572
53806	1.567767858505249
53842	1.5688331127166748
53935	1.5714890956878662
54000	1.5737500190734863
54067	1.5753810405731201
54216	1.5796902179718018
54270	1.581212043762207
54335	1.5830988883972168
54429	1.585792064666748
54553	1.5896720886230469
54588	1.5907490253448486
54614	1.5915119647979736
54626	1.5918631553649902
54693	1.5938000679016113
54839	1.5977120399475098
54855	1.5981500148773193
54908	1.5997569561004639
54941	1.6006669998168945
54956	1.6011059284210205
55005	1.6027491092681885
55012	1.6029489040374756
55031	1.6034290790557861
55124	1.606125831604004
55136	1.606492042541504
55211	1.6083290576934814
55347	1.6123201847076416
55372	1.6130390167236328
55431	1.6147301197052002
55448	1.6151702404022217
55501	1.6170299053192139
55517	1.617445945739746
55788	1.6254820823669434
55817	1.626305103302002
56039	1.6327838897705078
56102	1.6344189643859863
56161	1.6361088752746582
56203	1.637322187423706
56215	1.6376399993896484
56244	1.638472080230713
56251	1.638655185699463
56280	1.6394710540771484
56346	1.6412320137023926
56373	1.641880989074707
56376	1.6419432163238525
56395	1.6424798965454102
56411	1.6428921222686768
56471	1.6449899673461914
56538	1.6469929218292236
56599	1.648766040802002
56661	1.6505711078643799
56692	1.651474952697754
56697	1.651595115661621
56700	1.6516571044921875
56825	1.6554040908813477
56931	1.6585848331451416
56962	1.6597561836242676
56969	1.6599371433258057
57006	1.661005973815918
57027	1.6615550518035889
57072	1.6628241539001465
57130	1.66457200050354
57196	1.6664700508117676
57197	1.666473150253296
57234	1.6674981117248535
57292	1.6688568592071533
57316	1.6695761680603027
57374	1.6712729930877686
57381	1.6714799404144287
57484	1.6746411323547363
57493	1.6748340129852295
57570	1.676957130432129
57639	1.678955078125
57672	1.6798439025878906
57701	1.6807069778442383
57773	1.6828079223632812
57801	1.6836528778076172
57822	1.684279203414917
57906	1.6867821216583252
57930	1.6874570846557617
57955	1.6885130405426025
57959	1.6885690689086914
58114	1.6931500434875488
58162	1.6944761276245117
58313	1.6989099979400635
58465	1.703573226928711
58493	1.704153060913086
58535	1.705268144607544
58611	1.707503080368042
58665	1.7087640762329102
58671	1.708923101425171
58688	1.7093889713287354
58740	1.7108900547027588
58817	1.713104009628296
58833	1.7135701179504395
58884	1.715034008026123
58893	1.7152509689331055
58928	1.7162818908691406
58994	1.7185518741607666
59132	1.7226340770721436
59137	1.7227370738983154
59257	1.7262330055236816
59279	1.7268991470336914
59317	1.7279860973358154
59322	1.7281250953674316
59424	1.7313549518585205
59452	1.7321622371673584
59455	1.732253074645996
59573	1.735703945159912
59712	1.739422082901001
59777	1.7411911487579346
59888	1.7441511154174805
59893	1.7442641258239746
59943	1.7459220886230469
59988	1.7472422122955322
60006	1.7477290630340576
60045	1.7487928867340088
60166	1.752364158630371
60333	1.7573020458221436
60386	1.7588372230529785
60451	1.760956048965454
60489	1.7620370388031006
60504	1.7625198364257812
60522	1.763005018234253
60610	1.7655229568481445
60692	1.7678930759429932
60730	1.7689800262451172
60772	1.770190954208374
60774	1.7702281475067139
60794	1.7708330154418945
60863	1.772799015045166
60962	1.7756309509277344
61076	1.7789299488067627
61105	1.7797939777374268
61139	1.7807610034942627
61153	1.78118896484375
61186	1.7821099758148193
61246	1.7838890552520752
61280	1.7848279476165771
61294	1.7852160930633545
61515	1.7918291091918945
61574	1.7935912609100342
61677	1.7965898513793945
61695	1.7971000671386719
61699	1.7971951961517334
61750	1.798691987991333
61813	1.8005101680755615
61935	1.8042759895324707
61951	1.8047409057617188
62031	1.8070549964904785
62042	1.8073780536651611
62111	1.8093719482421875
62198	1.8115501403808594
62278	1.8138771057128906
62358	1.816215991973877
62396	1.8172860145568848
62476	1.8198349475860596
62524	1.8212270736694336
62539	1.821613073348999
62544	1.8217098712921143
62596	1.8232829570770264
62606	1.8236110210418701
62657	1.8248300552368164
62722	1.826686143875122
62865	1.83076810836792
62891	1.831510066986084
62960	1.8337628841400146
62994	1.8347668647766113
63017	1.8354260921478271
63066	1.8368768692016602
63132	1.8387129306793213
63151	1.8392741680145264
63188	1.8403711318969727
63320	1.8443238735198975
63332	1.8446621894836426
63425	1.8473520278930664
63455	1.8482599258422852
63511	1.8497800827026367
63589	1.8521249294281006
63593	1.8521859645843506
63612	1.852736234664917
63619	1.8529481887817383
63707	1.8554651737213135
63716	1.8557310104370117
63735	1.856255054473877
63744	1.8565211296081543
63761	1.8570070266723633
63777	1.8574340343475342
63803	1.8579809665679932
63880	1.8601438999176025
64019	1.8645961284637451
64062	1.8658101558685303
64072	1.866075038909912
64295	1.8727571964263916
64376	1.8752679824829102
64424	1.8769030570983887
64462	1.878005027770996
64486	1.8786840438842773
64522	1.879702091217041
64687	1.8842570781707764
64717	1.8851349353790283
64722	1.8852779865264893
64990	1.8931071758270264
65026	1.8941130638122559
65090	1.8960020542144775
65125	1.8970050811767578
65153	1.8978049755096436
65163	1.8980791568756104
65258	1.9009108543395996
65274	1.901360034942627
65283	1.9016132354736328
65334	1.9031410217285156
65388	1.9049429893493652
65423	1.9059150218963623
65427	1.9060440063476562
65447	1.9065728187561035
104	1.9123940467834473
116	1.9127111434936523
193	1.914945125579834
293	1.9175410270690918
382	1.9204418659210205
389	1.9206130504608154
440	1.9220850467681885
466	1.9228260517120361
479	1.923171043395996
484	1.923295021057129
536	1.9246339797973633
636	1.9274730682373047
825	1.9330329895019531
862	1.9343559741973877
992	1.9381141662597656
1089	1.9409210681915283
1188	1.9438271522521973
1206	1.9443559646606445
1218	1.9446852207183838
1360	1.949125051498413
1446	1.9515721797943115
1465	1.952118158340454
1480	1.9524428844451904
1504	1.9529099464416504
1532	1.9536221027374268
1678	1.957740068435669
1686	1.9578919410705566
1758	1.9598522186279297
1762	1.959942102432251
1780	1.9604461193084717
1816	1.9615139961242676
1880	1.963719129562378
1996	1.9671261310577393
2004	1.9673120975494385
2028	1.9680240154266357
2057	1.9688291549682617
2058	1.9688630104064941
2091	1.9697999954223633
2169	1.9722189903259277
2184	1.9726428985595703
2198	1.9730091094970703
2207	1.9732701778411865
2294	1.9759011268615723
2315	1.9764690399169922
2356	1.9779789447784424
2419	1.9797639846801758
2505	1.982348918914795
2547	1.9835832118988037
2590	1.9849088191986084
2671	1.9873130321502686
2687	1.987720012664795
2698	1.9879839420318604
2778	1.9901230335235596
2812	1.99104905128479
2896	1.9937071800231934
2934	1.9947900772094727
2971	1.9958539009094238
3031	1.9976720809936523
3075	1.9989159107208252
3133	2.000631093978882
3212	2.0029799938201904
3223	2.0032432079315186
3244	2.0038721561431885
3337	2.007040023803711
3465	2.010903835296631
3512	2.012305974960327
3513	2.0123369693756104
3696	2.017904043197632
3924	2.0247702598571777
3976	2.0263609886169434
4021	2.0276660919189453
4186	2.0328080654144287
4270	2.035416841506958
4283	2.0357751846313477
4303	2.0363569259643555
4387	2.039180040359497
4585	2.044826030731201
4618	2.0457491874694824
4726	2.0489821434020996
4802	2.0514509677886963
4836	2.052536964416504
4851	2.0529661178588867
4915	2.054831027984619
4922	2.0550270080566406
5056	2.059046983718872
5065	2.059237003326416
5083	2.0597541332244873
5086	2.0598039627075195
5098	2.060081958770752
5125	2.060892105102539
5161	2.0619380474090576
5219	2.06370210647583
5332	2.0673601627349854
5345	2.067718029022217
5371	2.0685031414031982
5611	2.075477123260498
5619	2.0757009983062744
5756	2.0799150466918945
6030	2.088376998901367
6057	2.0891621112823486
6107	2.0907599925994873
6162	2.0923140048980713
6192	2.093257188796997
6212	2.09382700920105
6333	2.0973570346832275
6342	2.097594976425171
6370	2.0983710289001465
6380	2.0986521244049072
6433	2.1002399921417236
6483	2.1017251014709473
6532	2.1032111644744873
6590	2.1048929691314697
6594	2.1050190925598145
6604	2.105300188064575
6690	2.107853889465332
6702	2.1081480979919434
6725	2.1088509559631348
6857	2.1132121086120605
6863	2.113327980041504
6875	2.1137239933013916
6879	2.1137800216674805
6920	2.115010976791382
6928	2.115206003189087
6950	2.115842819213867
7001	2.1173460483551025
7059	2.1191320419311523
7060	2.119136095046997
7081	2.1197049617767334
7095	2.1200389862060547
7189	2.122917890548706
7192	2.1229500770568848
7237	2.124290943145752
7294	2.1260530948638916
7367	2.1281440258026123
7371	2.1282169818878174
7402	2.1289119720458984
7439	2.129939079284668
7457	2.1303319931030273
7474	2.130679130554199
7548	2.1329591274261475
7552	2.133024215698242
7647	2.135944128036499
7660	2.136265993118286
7740	2.1382980346679688
7747	2.1384470462799072
7854	2.141618013381958
7921	2.143537998199463
7927	2.1436829566955566
7953	2.1444640159606934
8008	2.146071195602417
8019	2.1463470458984375
8168	2.150768995285034
8202	2.1517021656036377
8210	2.151895046234131
8223	2.1523070335388184
8266	2.15356707572937
8407	2.158241033554077
8429	2.158843994140625
8506	2.1611380577087402
8582	2.1633291244506836
8622	2.1644749641418457
8630	2.1646511554718018
8631	2.1646549701690674
8758	2.16811203956604
8800	2.169623851776123
8817	2.170098066329956
8884	2.1720809936523438
8988	2.174798011779785
9094	2.177748203277588
9204	2.1809301376342773
9209	2.181077003479004
9328	2.184786081314087
9336	2.1850051879882812
9377	2.1861660480499268
9382	2.1863131523132324
9457	2.1884920597076416
9470	2.188835859298706
9472	2.188871145248413
9503	2.189746141433716
9582	2.1921701431274414
9678	2.1949210166931152
9686	2.195142984390259
9754	2.197089195251465
9773	2.197955846786499
9780	2.198132038116455
9782	2.1981661319732666
9932	2.202082872390747
9952	2.202669143676758
9972	2.2032110691070557
10025	2.204735040664673
10036	2.204998016357422
10066	2.205886125564575
10069	2.2059500217437744
10100	2.206894874572754
10170	2.208566188812256
10171	2.2086000442504883
10177	2.2087299823760986
10204	2.2095489501953125
10269	2.2118630409240723
10302	2.212808132171631
10345	2.2140891551971436
10399	2.2156670093536377
10480	2.218034029006958
10521	2.2192490100860596
10596	2.221501111984253
10627	2.2223591804504395
10645	2.2228739261627197
10661	2.2233681678771973
10706	2.2246720790863037
10816	2.2283411026000977
10822	2.228468179702759
10826	2.228593111038208
10868	2.2298169136047363
10943	2.231978178024292
10949	2.232161045074463
10956	2.232318162918091
11128	2.2370450496673584
11132	2.2371439933776855
11168	2.238093852996826
11189	2.2386820316314697
11198	2.2388970851898193
11208	2.23918080329895
11223	2.239629030227661
11280	2.241460084915161
11330	2.242824077606201
11341	2.2431111335754395
11428	2.245629072189331
11469	2.246795177459717
11550	2.249108076095581
11619	2.2510759830474854
11650	2.2519350051879883
11666	2.252441883087158
11888	2.2592990398406982
11951	2.261112928390503
11970	2.2616820335388184
12044	2.2638192176818848
12057	2.264162063598633
12093	2.2651960849761963
12121	2.265968084335327
12164	2.2672359943389893
12185	2.2678370475769043
12197	2.268174886703491
12239	2.269659996032715
12489	2.2762691974639893
12532	2.277509927749634
12548	2.277967929840088
12574	2.2786881923675537
12622	2.2801239490509033
12650	2.2808890342712402
12678	2.281702995300293
12691	2.2820382118225098
12745	2.2839300632476807
12746	2.2839550971984863
12804	2.2856342792510986
12856	2.287079095840454
12858	2.287142038345337
12880	2.2877280712127686
12898	2.288270950317383
12904	2.2884151935577393
12952	2.289769172668457
12957	2.2899169921875
13046	2.292717218399048
13067	2.293300151824951
13076	2.2935080528259277
13078	2.2935709953308105
13104	2.2942988872528076
13215	2.297927141189575
13234	2.298444986343384
13326	2.301121234893799
13334	2.3013529777526855
13357	2.301985025405884
13374	2.3024301528930664
13442	2.3043620586395264
13467	2.305087089538574
13520	2.3065991401672363
13583	2.3081560134887695
13585	2.308202028274536
13624	2.309300184249878
13690	2.311182975769043
13731	2.3127801418304443
13762	2.31364107131958
13768	2.3138320446014404
13873	2.3168580532073975
14028	2.321355104446411
14081	2.322932004928589
14112	2.323906898498535
14203	2.3265721797943115
14293	2.3291940689086914
14313	2.3297500610351562
14319	2.3298890590667725
14338	2.3303890228271484
14392	2.3319780826568604
14407	2.3323590755462646
14448	2.3335649967193604
14499	2.33505916595459
14515	2.335547924041748
14528	2.335904121398926
14558	2.336712121963501
14573	2.3371431827545166
14602	2.33790922164917
14697	2.341284990310669
14749	2.342841863632202
14815	2.344363212585449
14832	2.3448619842529297
14896	2.3467140197753906
14971	2.348909854888916
15021	2.350421190261841
15070	2.3519089221954346
15108	2.3529539108276367
15135	2.353710889816284
15148	2.354077100753784
15231	2.356934070587158
15233	2.3569371700286865
15245	2.357264995574951
15279	2.3580210208892822
15319	2.3591010570526123
15354	2.360140085220337
15470	2.3635921478271484
15563	2.3663172721862793
15583	2.366901159286499
15602	2.3674120903015137
15607	2.3675601482391357
15749	2.3721439838409424
15816	2.374116897583008
15829	2.374445915222168
15851	2.3750128746032715
15856	2.375123977661133
15863	2.3753020763397217
15910	2.3766748905181885
15915	2.3767900466918945
16059	2.3806090354919434
16067	2.3808231353759766
16124	2.3824589252471924
16238	2.386106014251709
16303	2.3879618644714355
16315	2.3883249759674072
16327	2.3886449337005615
16371	2.3898839950561523
16591	2.3959460258483887
16660	2.3979599475860596
16749	2.4008750915527344
16751	2.400908946990967
16805	2.4025330543518066
16837	2.4034581184387207
16880	2.4048101902008057
16919	2.4059560298919678
17003	2.4084181785583496
17045	2.409646987915039
17180	2.413800001144409
17229	2.4149169921875
17256	2.415532112121582
17275	2.416072130203247
17323	2.4174611568450928
17347	2.4181320667266846
17356	2.4183590412139893
17430	2.4204959869384766
17438	2.42069411277771
17483	2.421992063522339
17554	2.424060106277466
17575	2.424546241760254
17803	2.4314589500427246
17855	2.4329559803009033
18184	2.4428870677948
18202	2.4433670043945312
18242	2.444502115249634
18290	2.4458792209625244
18415	2.449496030807495
18435	2.4500131607055664
18612	2.4547600746154785
18661	2.4563710689544678
18790	2.460245132446289
18793	2.4602808952331543
18879	2.462756872177124
18918	2.4639251232147217
18920	2.463956117630005
18985	2.465834140777588
18986	2.465837240219116
19110	2.4695329666137695
19304	2.4755711555480957
19382	2.4778389930725098
19521	2.4819140434265137
19532	2.4821860790252686
19587	2.4838149547576904
19603	2.484269857406616
19698	2.4868009090423584
19807	2.4899840354919434
19823	2.490518093109131
19833	2.4907801151275635
19988	2.4948911666870117
20014	2.495642900466919
20027	2.4960451126098633
20062	2.4970040321350098
20151	2.499748945236206
20155	2.4998550415039062
20159	2.499946117401123
20187	2.5007240772247314
20222	2.501755952835083
20349	2.5054380893707275
20368	2.5059401988983154
20421	2.5075290203094482
20498	2.509714126586914
20520	2.5103209018707275
20715	2.5161800384521484
20720	2.5163159370422363
20806	2.518773078918457
20823	2.519233226776123
20826	2.519289016723633
20867	2.5205678939819336
20887	2.520958185195923
20909	2.521419048309326
20968	2.523085832595825
21039	2.524893045425415
21046	2.5249991416931152
21049	2.525074005126953
21092	2.526332139968872
21160	2.5286459922790527
21169	2.5288379192352295
21303	2.532696008682251
21311	2.532926082611084
21335	2.5335960388183594
21513	2.53877592086792
21558	2.540044069290161
21578	2.54060697555542
21582	2.540703058242798
21666	2.5434751510620117
21686	2.544081926345825
21694	2.5442891120910645
21695	2.5442919731140137
21729	2.5452640056610107
21807	2.5475010871887207
21861	2.5491280555725098
21905	2.5503902435302734
21911	2.550549030303955
21979	2.552553176879883
21994	2.5529420375823975
22033	2.5540759563446045
22036	2.5541720390319824
22056	2.554727077484131
22185	2.5581772327423096
22305	2.561553955078125
22424	2.5650599002838135
22562	2.5692381858825684
22586	2.5699260234832764
22627	2.5714030265808105
22648	2.5719430446624756
22679	2.572813034057617
22682	2.5728700160980225
22685	2.572942018508911
22724	2.5741939544677734
22757	2.5751590728759766
22759	2.575161933898926
22798	2.5763542652130127
22803	2.5764801502227783
22845	2.5777180194854736
22901	2.5793490409851074
22933	2.58022403717041
22945	2.5805699825286865
22949	2.5806450843811035
23031	2.5829999446868896
23096	2.5848662853240967
23123	2.5859968662261963
23377	2.5930960178375244
23383	2.593224048614502
23479	2.5960779190063477
23590	2.599355936050415
23665	2.6018099784851074
23678	2.602217197418213
23682	2.6022820472717285
23735	2.6038360595703125
23755	2.604372024536133
23816	2.6061580181121826
23836	2.606713056564331
23937	2.6094119548797607
23974	2.6104929447174072
23978	2.6105549335479736
24029	2.6121010780334473
24106	2.614375114440918
24130	2.615341901779175
24232	2.6182548999786377
24499	2.626131057739258
24504	2.62621808052063
24596	2.628545045852661
24710	2.632139205932617
24737	2.6329071521759033
24744	2.633080005645752
24792	2.6344752311706543
24914	2.637948989868164
24962	2.639362096786499
24970	2.639585256576538
24986	2.640066146850586
24999	2.640413999557495
25008	2.640648126602173
25022	2.6409051418304443
25082	2.6424341201782227
25111	2.643543243408203
25147	2.6445579528808594
25238	2.647174119949341
25241	2.6472370624542236
25254	2.647602081298828
25267	2.6479129791259766
25274	2.6481380462646484
25298	2.648766040802002
25299	2.6487691402435303
25330	2.6496970653533936
25359	2.650515079498291
25449	2.6532371044158936
25507	2.6548728942871094
25557	2.6564419269561768
25637	2.659160852432251
25650	2.6595799922943115
25804	2.6637961864471436
25806	2.6638660430908203
25948	2.667886972427368
25954	2.668056011199951
25990	2.6690750122070312
25999	2.66931414604187
26005	2.669497013092041
26084	2.671797037124634
26106	2.6727399826049805
26223	2.6758129596710205
26224	2.675816059112549
26246	2.6764299869537354
26344	2.67936110496521
26374	2.6802470684051514
26461	2.6827480792999268
26485	2.6834070682525635
26596	2.686995029449463
26618	2.6876330375671387
26636	2.6881330013275146
26674	2.689249038696289
26720	2.6906168460845947
26749	2.6914420127868652
26783	2.6924030780792236
26808	2.693143844604492
26842	2.6941678524017334
26946	2.6971590518951416
27024	2.699260950088501
27071	2.7003490924835205
27149	2.7028560638427734
27189	2.7039709091186523
27214	2.704648971557617
27240	2.705414056777954
27280	2.7065329551696777
27402	2.7097041606903076
27658	2.717468023300171
27817	2.722119092941284
27900	2.7245781421661377
27940	2.725698947906494
27982	2.726922035217285
28064	2.7293031215667725
28077	2.7298929691314697
28080	2.7299530506134033
28147	2.7319090366363525
28187	2.7330892086029053
28215	2.733851909637451
28218	2.7339460849761963
28245	2.7345759868621826
28266	2.7350521087646484
28365	2.7377309799194336
28402	2.7388410568237305
28460	2.7406108379364014
28489	2.7412171363830566
28590	2.7443301677703857
28655	2.7461578845977783
28804	2.7505249977111816
28849	2.75177001953125
28866	2.752263069152832
28870	2.7523860931396484
28884	2.752735137939453
28980	2.755599021911621
28983	2.7556610107421875
29055	2.757772207260132
29116	2.7598490715026855
29213	2.762601137161255
29256	2.7638230323791504
29268	2.7641758918762207
29309	2.7653069496154785
29403	2.7680559158325195
29457	2.7696211338043213
29464	2.7698099613189697
29578	2.7730419635772705
29579	2.7730720043182373
29596	2.7736191749572754
29697	2.77616810798645
29740	2.7773749828338623
29745	2.777494192123413
29759	2.7778561115264893
29783	2.7785329818725586
29867	2.780945062637329
29890	2.7816359996795654
29908	2.7821550369262695
29985	2.7843620777130127
30020	2.7853798866271973
30134	2.789137125015259
30195	2.7909369468688965
30230	2.791943073272705
30273	2.7932071685791016
30278	2.793300151824951
30281	2.793389081954956
30298	2.793879270553589
30319	2.794504165649414
30449	2.7983250617980957
30481	2.799245834350586
30488	2.7994489669799805
30519	2.8003389835357666
30556	2.8017349243164062
30649	2.804365873336792
30681	2.805187940597534
30692	2.8054051399230957
30701	2.8055691719055176
30818	2.8085761070251465
30850	2.8094980716705322
30933	2.812002182006836
30950	2.8124561309814453
31044	2.815592050552368
31065	2.816154956817627
31069	2.8162808418273926
31072	2.8163390159606934
31199	2.820039987564087
31210	2.820327043533325
31252	2.8215410709381104
31319	2.8234901428222656
31345	2.8242242336273193
31474	2.828012228012085
31586	2.831533193588257
31607	2.8321831226348877
31865	2.8396670818328857
31955	2.841869831085205
31982	2.8426918983459473
31992	2.842927932739258
32051	2.845005989074707
32055	2.845065116882324
32111	2.846668243408203
32133	2.8473269939422607
32188	2.8489229679107666
32226	2.8500120639801025
32268	2.851217031478882
32309	2.8524370193481445
32405	2.8552331924438477
32406	2.8552348613739014
32424	2.8557541370391846
